what,kind,bundleId,bundleVersion,description,time
opened,view,org.eclipse.jdt.junit,3.7.0.v20110505-0800,"org.eclipse.jdt.junit.ResultView",1333395368581
activated,view,org.eclipse.jdt.junit,3.7.0.v20110505-0800,"org.eclipse.jdt.junit.ResultView",1333395368742
activated,view,org.eclipse.jdt.ui,3.7.0.v20110531-1200,"org.eclipse.jdt.ui.PackageExplorer",1333395372496
deactivated,workbench,org.eclipse.ui.workbench,3.7.0.I20110519-0100,"",1333395388107
activated,workbench,org.eclipse.ui.workbench,3.7.0.I20110519-0100,"",1333395403701
executed,command,org.eclipse.jdt.ui,3.7.0.v20110531-1200,"org.eclipse.jdt.ui.edit.text.java.move.element",1333395403791
deactivated,workbench,org.eclipse.ui.workbench,3.7.0.I20110519-0100,"",1333395406471
activated,workbench,org.eclipse.ui.workbench,3.7.0.I20110519-0100,"",1333395412069
executed,command,org.eclipse.ui,3.7.0.I20110602-0100,"org.eclipse.ui.edit.rename",1333395412175
activated,editor,org.eclipse.jdt.ui,3.7.0.v20110531-1200,"org.eclipse.jdt.ui.CompilationUnitEditor",1333395412427
executed,command,org.eclipse.jdt.ui,3.7.0.v20110531-1200,"org.eclipse.jdt.ui.edit.text.java.organize.imports",1333395413108
executed,command,org.eclipse.ui,3.7.0.I20110602-0100,"org.eclipse.ui.file.save",1333395413503
executed,command,,,"AUTOGEN:::org.eclipse.jdt.internal.ui.CompilationUnitEditor.ruler.actions/org.eclipse.jdt.internal.ui.javaeditor.JavaSelectRulerAction",1333395417798
deactivated,workbench,org.eclipse.ui.workbench,3.7.0.I20110519-0100,"",1333395418838
activated,workbench,org.eclipse.ui.workbench,3.7.0.I20110519-0100,"",1333395419130
activated,editor,org.eclipse.jdt.ui,3.7.0.v20110531-1200,"org.eclipse.jdt.ui.CompilationUnitEditor",1333395421559
closed,editor,org.eclipse.jdt.ui,3.7.0.v20110531-1200,"org.eclipse.jdt.ui.CompilationUnitEditor",1333395421559
executed,command,org.eclipse.ui,3.7.0.I20110602-0100,"org.eclipse.ui.file.close",1333395421576
activated,view,org.eclipse.jdt.ui,3.7.0.v20110531-1200,"org.eclipse.jdt.ui.PackageExplorer",1333395422749
deactivated,workbench,org.eclipse.ui.workbench,3.7.0.I20110519-0100,"",1333395425375
activated,workbench,org.eclipse.ui.workbench,3.7.0.I20110519-0100,"",1333395425766
executed,command,org.eclipse.ui.ide,3.7.0.I20110519-0100,"org.eclipse.ui.project.cleanAction",1333395425864
error,log,,,"Unexpected error while validating OAuthConsumerInfoManager.java",1333395426156
error,log,,,"Unexpected error while validating FlickrServerConstants.java",1333395426157
error,log,,,"Unexpected error while validating FlickrHelper.java",1333395426158
error,log,,,"Unexpected error while validating FlickrAPIOAuth.java",1333395426158
error,log,,,"Unexpected error while validating FlickrPhotoDAOImpl.java",1333395426159
error,log,,,"Unexpected error while validating ProcessPhotosetActionController.java",1333395426161
opened,editor,org.eclipse.jdt.ui,3.7.0.v20110531-1200,"org.eclipse.jdt.ui.CompilationUnitEditor",1333395428432
activated,editor,org.eclipse.jdt.ui,3.7.0.v20110531-1200,"org.eclipse.jdt.ui.CompilationUnitEditor",1333395428497
deactivated,workbench,org.eclipse.ui.workbench,3.7.0.I20110519-0100,"",1333395430723
activated,workbench,org.eclipse.ui.workbench,3.7.0.I20110519-0100,"",1333395558088
activated,view,org.eclipse.jdt.ui,3.7.0.v20110531-1200,"org.eclipse.jdt.ui.PackageExplorer",1333395560418
activated,editor,org.eclipse.jdt.ui,3.7.0.v20110531-1200,"org.eclipse.jdt.ui.CompilationUnitEditor",1333395561170
activated,view,org.eclipse.jdt.ui,3.7.0.v20110531-1200,"org.eclipse.jdt.ui.PackageExplorer",1333395564043
activated,editor,org.eclipse.jdt.ui,3.7.0.v20110531-1200,"org.eclipse.jdt.ui.CompilationUnitEditor",1333395568170
executed,command,org.eclipse.jdt.debug.ui,3.6.0.v20110512,"org.eclipse.jdt.debug.ui.localJavaShortcut.run",1333395572937
executed,command,org.eclipse.jdt.ui,3.7.0.v20110531-1200,"org.eclipse.jdt.ui.edit.text.java.format",1333395585377
executed,command,org.eclipse.ui,3.7.0.I20110602-0100,"org.eclipse.ui.file.save",1333395585728
executed,command,org.eclipse.jdt.debug.ui,3.6.0.v20110512,"org.eclipse.jdt.debug.ui.localJavaShortcut.run",1333395588313
activated,view,org.eclipse.jdt.ui,3.7.0.v20110531-1200,"org.eclipse.jdt.ui.PackageExplorer",1333395602371
activated,editor,org.eclipse.jdt.ui,3.7.0.v20110531-1200,"org.eclipse.jdt.ui.CompilationUnitEditor",1333395602678
executed,command,org.eclipse.ui,3.7.0.I20110602-0100,"org.eclipse.ui.file.save",1333395614217
deactivated,workbench,org.eclipse.ui.workbench,3.7.0.I20110519-0100,"",1333395620222
started,bundle,org.eclipse.core.databinding,1.4.0.I20110111-0800,"org.eclipse.core.databinding",1333395620504
started,bundle,org.eclipse.jst.server.generic.core,1.0.700.v20101219,"org.eclipse.jst.server.generic.core",1333395620562
started,bundle,org.eclipse.jst.server.preview.adapter,1.1.100.v20100308,"org.eclipse.jst.server.preview.adapter",1333395620566
started,bundle,org.eclipse.jst.server.tomcat.core,1.1.300.v20110427,"org.eclipse.jst.server.tomcat.core",1333395620576
started,bundle,org.eclipse.wst.server.http.core,1.0.200.v20090429,"org.eclipse.wst.server.http.core",1333395620591
started,bundle,org.eclipse.wst.server.preview.adapter,1.1.0.v20090311b,"org.eclipse.wst.server.preview.adapter",1333395620594
activated,workbench,org.eclipse.ui.workbench,3.7.0.I20110519-0100,"",1333395620975
executed,command,org.eclipse.wst.server.ui,1.3.0.v20120210_1439,"org.eclipse.wst.server.launchShortcut.run",1333395621065
executed,command,org.eclipse.jdt.debug.ui,3.6.0.v20110512,"org.eclipse.jdt.debug.ui.localJavaShortcut.run",1333395624161
activated,view,org.eclipse.ui.console,3.5.100.v20110511,"org.eclipse.ui.console.ConsoleView",1333395628571
activated,editor,org.eclipse.jdt.ui,3.7.0.v20110531-1200,"org.eclipse.jdt.ui.ClassFileEditor",1333395628948
deactivated,workbench,org.eclipse.ui.workbench,3.7.0.I20110519-0100,"",1333395628979
activated,workbench,org.eclipse.ui.workbench,3.7.0.I20110519-0100,"",1333395630046
deactivated,workbench,org.eclipse.ui.workbench,3.7.0.I20110519-0100,"",1333395630900
activated,workbench,org.eclipse.ui.workbench,3.7.0.I20110519-0100,"",1333395632808
opened,editor,org.eclipse.jdt.ui,3.7.0.v20110531-1200,"org.eclipse.jdt.ui.CompilationUnitEditor",1333395633006
activated,editor,org.eclipse.jdt.ui,3.7.0.v20110531-1200,"org.eclipse.jdt.ui.CompilationUnitEditor",1333395633081
executed,command,org.eclipse.jdt.ui,3.7.0.v20110531-1200,"org.eclipse.jdt.ui.navigate.open.type",1333395633148
deactivated,workbench,org.eclipse.ui.workbench,3.7.0.I20110519-0100,"",1333395633293
activated,workbench,org.eclipse.ui.workbench,3.7.0.I20110519-0100,"",1333395635255
executed,command,org.eclipse.ui.workbench.texteditor,3.7.0.v20110505-0800,"org.eclipse.ui.edit.text.goto.line",1333395635442
activated,editor,org.eclipse.jdt.ui,3.7.0.v20110531-1200,"org.eclipse.jdt.ui.ClassFileEditor",1333395641076
closed,editor,org.eclipse.jdt.ui,3.7.0.v20110531-1200,"org.eclipse.jdt.ui.CompilationUnitEditor",1333395641076
executed,command,org.eclipse.ui,3.7.0.I20110602-0100,"org.eclipse.ui.file.close",1333395641101
activated,editor,org.eclipse.jdt.ui,3.7.0.v20110531-1200,"org.eclipse.jdt.ui.CompilationUnitEditor",1333395642388
closed,editor,org.eclipse.jdt.ui,3.7.0.v20110531-1200,"org.eclipse.jdt.ui.ClassFileEditor",1333395642388
executed,command,org.eclipse.ui,3.7.0.I20110602-0100,"org.eclipse.ui.file.close",1333395642408
activated,view,org.eclipse.jdt.ui,3.7.0.v20110531-1200,"org.eclipse.jdt.ui.PackageExplorer",1333395643867
executed,command,org.eclipse.ui,3.7.0.I20110602-0100,"org.eclipse.ui.navigate.linkWithEditor",1333395643953
executed,command,org.eclipse.ui,3.7.0.I20110602-0100,"org.eclipse.ui.navigate.linkWithEditor",1333395644144
executed,command,org.eclipse.ui,3.7.0.I20110602-0100,"org.eclipse.ui.edit.copy",1333395649216
activated,editor,org.eclipse.jdt.ui,3.7.0.v20110531-1200,"org.eclipse.jdt.ui.CompilationUnitEditor",1333395653167
activated,view,org.eclipse.jdt.ui,3.7.0.v20110531-1200,"org.eclipse.jdt.ui.PackageExplorer",1333395654706
executed,command,org.eclipse.ui,3.7.0.I20110602-0100,"org.eclipse.ui.navigate.linkWithEditor",1333395654849
executed,command,org.eclipse.ui,3.7.0.I20110602-0100,"org.eclipse.ui.navigate.linkWithEditor",1333395655000
deactivated,workbench,org.eclipse.ui.workbench,3.7.0.I20110519-0100,"",1333395658287
activated,workbench,org.eclipse.ui.workbench,3.7.0.I20110519-0100,"",1333395659716
executed,command,org.eclipse.ui,3.7.0.I20110602-0100,"org.eclipse.ui.edit.paste",1333395659855
executed,command,org.eclipse.ui,3.7.0.I20110602-0100,"org.eclipse.ui.file.refresh",1333395661114
executed,command,org.eclipse.ui,3.7.0.I20110602-0100,"org.eclipse.ui.file.refresh",1333395668229
deactivated,workbench,org.eclipse.ui.workbench,3.7.0.I20110519-0100,"",1333395673148
activated,workbench,org.eclipse.ui.workbench,3.7.0.I20110519-0100,"",1333395674394
executed,command,org.eclipse.ui,3.7.0.I20110602-0100,"org.eclipse.ui.edit.paste",1333395674785
error,log,,,"Unexpected error while validating OAuthConsumerInfoManager.java",1333395674861
error,log,,,"Unexpected error while validating FlickrServerConstants.java",1333395674862
error,log,,,"Unexpected error while validating FlickrHelper.java",1333395674862
error,log,,,"Unexpected error while validating FlickrAPIOAuth.java",1333395674863
error,log,,,"Unexpected error while validating FlickrPhotoDAOImpl.java",1333395674863
error,log,,,"Unexpected error while validating ProcessPhotosetActionController.java",1333395674864
activated,editor,org.eclipse.jdt.ui,3.7.0.v20110531-1200,"org.eclipse.jdt.ui.CompilationUnitEditor",1333395675183
executed,command,org.eclipse.jdt.debug.ui,3.6.0.v20110512,"org.eclipse.jdt.debug.ui.localJavaShortcut.run",1333395678641
activated,view,org.eclipse.ui.console,3.5.100.v20110511,"org.eclipse.ui.console.ConsoleView",1333395686978
opened,editor,org.eclipse.jdt.ui,3.7.0.v20110531-1200,"org.eclipse.jdt.ui.ClassFileEditor",1333395687353
activated,editor,org.eclipse.jdt.ui,3.7.0.v20110531-1200,"org.eclipse.jdt.ui.ClassFileEditor",1333395687443
deactivated,workbench,org.eclipse.ui.workbench,3.7.0.I20110519-0100,"",1333395687472
activated,workbench,org.eclipse.ui.workbench,3.7.0.I20110519-0100,"",1333395689044
deactivated,workbench,org.eclipse.ui.workbench,3.7.0.I20110519-0100,"",1333395689699
activated,workbench,org.eclipse.ui.workbench,3.7.0.I20110519-0100,"",1333395693959
opened,editor,org.eclipse.jdt.ui,3.7.0.v20110531-1200,"org.eclipse.jdt.ui.CompilationUnitEditor",1333395694155
activated,editor,org.eclipse.jdt.ui,3.7.0.v20110531-1200,"org.eclipse.jdt.ui.CompilationUnitEditor",1333395694233
executed,command,org.eclipse.jdt.ui,3.7.0.v20110531-1200,"org.eclipse.jdt.ui.navigate.open.type",1333395694300
deactivated,workbench,org.eclipse.ui.workbench,3.7.0.I20110519-0100,"",1333395694966
activated,workbench,org.eclipse.ui.workbench,3.7.0.I20110519-0100,"",1333395696996
executed,command,org.eclipse.ui.workbench.texteditor,3.7.0.v20110505-0800,"org.eclipse.ui.edit.text.goto.line",1333395697195
executed,command,org.eclipse.ui,3.7.0.I20110602-0100,"org.eclipse.ui.edit.undo",1333395720267
executed,command,org.eclipse.ui,3.7.0.I20110602-0100,"org.eclipse.ui.edit.undo",1333395720751
activated,editor,org.eclipse.jdt.ui,3.7.0.v20110531-1200,"org.eclipse.jdt.ui.CompilationUnitEditor",1333395735437
executed,command,org.eclipse.ui,3.7.0.I20110602-0100,"org.eclipse.ui.file.save",1333395740257
executed,command,org.eclipse.jdt.ui,3.7.0.v20110531-1200,"org.eclipse.jdt.ui.edit.text.java.organize.imports",1333395742864
activated,view,org.eclipse.jdt.ui,3.7.0.v20110531-1200,"org.eclipse.jdt.ui.PackageExplorer",1333395750822
activated,editor,org.eclipse.jdt.ui,3.7.0.v20110531-1200,"org.eclipse.jdt.ui.CompilationUnitEditor",1333395751135
executed,command,org.eclipse.ui,3.7.0.I20110602-0100,"org.eclipse.ui.file.save",1333395753853
executed,command,org.eclipse.jdt.debug.ui,3.6.0.v20110512,"org.eclipse.jdt.debug.ui.localJavaShortcut.run",1333395758495
executed,command,org.eclipse.ui,3.7.0.I20110602-0100,"org.eclipse.ui.edit.copy",1333395765967
activated,view,org.eclipse.jdt.ui,3.7.0.v20110531-1200,"org.eclipse.jdt.ui.PackageExplorer",1333395770823
activated,editor,org.eclipse.jdt.ui,3.7.0.v20110531-1200,"org.eclipse.jdt.ui.CompilationUnitEditor",1333395771132
activated,view,org.eclipse.jdt.ui,3.7.0.v20110531-1200,"org.eclipse.jdt.ui.PackageExplorer",1333395771949
activated,editor,org.eclipse.jdt.ui,3.7.0.v20110531-1200,"org.eclipse.jdt.ui.CompilationUnitEditor",1333395772285
opened,editor,org.eclipse.jdt.ui,3.7.0.v20110531-1200,"org.eclipse.jdt.ui.ClassFileEditor",1333395775157
activated,editor,org.eclipse.jdt.ui,3.7.0.v20110531-1200,"org.eclipse.jdt.ui.ClassFileEditor",1333395775252
activated,editor,org.eclipse.jdt.ui,3.7.0.v20110531-1200,"org.eclipse.jdt.ui.CompilationUnitEditor",1333395776458
closed,editor,org.eclipse.jdt.ui,3.7.0.v20110531-1200,"org.eclipse.jdt.ui.ClassFileEditor",1333395776458
executed,command,org.eclipse.ui,3.7.0.I20110602-0100,"org.eclipse.ui.file.close",1333395776481
deactivated,workbench,org.eclipse.ui.workbench,3.7.0.I20110519-0100,"",1333395777274
activated,workbench,org.eclipse.ui.workbench,3.7.0.I20110519-0100,"",1333395778862
activated,editor,org.eclipse.jdt.ui,3.7.0.v20110531-1200,"org.eclipse.jdt.ui.CompilationUnitEditor",1333395779042
executed,command,org.eclipse.jdt.ui,3.7.0.v20110531-1200,"org.eclipse.jdt.ui.navigate.open.type",1333395779050
executed,command,org.eclipse.jdt.ui,3.7.0.v20110531-1200,"org.eclipse.jdt.ui.edit.text.java.format",1333395781413
deactivated,workbench,org.eclipse.ui.workbench,3.7.0.I20110519-0100,"",1333395781964
activated,workbench,org.eclipse.ui.workbench,3.7.0.I20110519-0100,"",1333395788380
activated,editor,org.eclipse.jdt.ui,3.7.0.v20110531-1200,"org.eclipse.jdt.ui.ClassFileEditor",1333395788566
executed,command,org.eclipse.jdt.ui,3.7.0.v20110531-1200,"org.eclipse.jdt.ui.navigate.open.type",1333395788569
activated,editor,org.eclipse.jdt.ui,3.7.0.v20110531-1200,"org.eclipse.jdt.ui.CompilationUnitEditor",1333395789683
closed,editor,org.eclipse.jdt.ui,3.7.0.v20110531-1200,"org.eclipse.jdt.ui.ClassFileEditor",1333395789683
executed,command,org.eclipse.ui,3.7.0.I20110602-0100,"org.eclipse.ui.file.close",1333395789704
executed,command,org.eclipse.jdt.ui,3.7.0.v20110531-1200,"org.eclipse.jdt.ui.edit.text.java.format",1333395799909
executed,command,org.eclipse.jdt.ui,3.7.0.v20110531-1200,"org.eclipse.jdt.ui.edit.text.java.format",1333395803811
executed,command,org.eclipse.ui,3.7.0.I20110602-0100,"org.eclipse.ui.edit.undo",1333395807387
executed,command,org.eclipse.ui,3.7.0.I20110602-0100,"org.eclipse.ui.edit.undo",1333395807648
activated,editor,org.eclipse.jdt.ui,3.7.0.v20110531-1200,"org.eclipse.jdt.ui.CompilationUnitEditor",1333395821995
activated,editor,org.eclipse.jdt.ui,3.7.0.v20110531-1200,"org.eclipse.jdt.ui.CompilationUnitEditor",1333395824966
executed,command,org.eclipse.ui,3.7.0.I20110602-0100,"org.eclipse.ui.edit.copy",1333395828716
activated,editor,org.eclipse.jdt.ui,3.7.0.v20110531-1200,"org.eclipse.jdt.ui.CompilationUnitEditor",1333395830402
activated,editor,org.eclipse.jdt.ui,3.7.0.v20110531-1200,"org.eclipse.jdt.ui.CompilationUnitEditor",1333395832491
executed,command,org.eclipse.ui,3.7.0.I20110602-0100,"org.eclipse.ui.edit.paste",1333395836052
executed,command,org.eclipse.ui,3.7.0.I20110602-0100,"org.eclipse.ui.edit.copy",1333395842198
executed,command,org.eclipse.ui,3.7.0.I20110602-0100,"org.eclipse.ui.edit.paste",1333395845607
executed,command,org.eclipse.ui,3.7.0.I20110602-0100,"org.eclipse.ui.edit.text.contentAssist.proposals",1333395854732
executed,command,org.eclipse.ui,3.7.0.I20110602-0100,"org.eclipse.ui.edit.text.contentAssist.proposals",1333395856889
executed,command,org.eclipse.ui,3.7.0.I20110602-0100,"org.eclipse.ui.file.save",1333395865600
executed,command,org.eclipse.ui,3.7.0.I20110602-0100,"org.eclipse.ui.file.save",1333395867507
executed,command,org.eclipse.jdt.ui,3.7.0.v20110531-1200,"org.eclipse.jdt.ui.edit.text.java.organize.imports",1333395877906
executed,command,org.eclipse.ui,3.7.0.I20110602-0100,"org.eclipse.ui.file.save",1333395878276
activated,view,org.eclipse.jdt.ui,3.7.0.v20110531-1200,"org.eclipse.jdt.ui.PackageExplorer",1333395887090
activated,editor,org.eclipse.jdt.ui,3.7.0.v20110531-1200,"org.eclipse.jdt.ui.CompilationUnitEditor",1333395887540
activated,editor,org.eclipse.jdt.ui,3.7.0.v20110531-1200,"org.eclipse.jdt.ui.CompilationUnitEditor",1333395890476
closed,editor,org.eclipse.jdt.ui,3.7.0.v20110531-1200,"org.eclipse.jdt.ui.CompilationUnitEditor",1333395890476
executed,command,org.eclipse.ui,3.7.0.I20110602-0100,"org.eclipse.ui.file.close",1333395890504
activated,view,org.eclipse.jdt.ui,3.7.0.v20110531-1200,"org.eclipse.jdt.ui.PackageExplorer",1333395891042
opened,editor,org.eclipse.jdt.ui,3.7.0.v20110531-1200,"org.eclipse.jdt.ui.CompilationUnitEditor",1333395891378
activated,editor,org.eclipse.jdt.ui,3.7.0.v20110531-1200,"org.eclipse.jdt.ui.CompilationUnitEditor",1333395891449
activated,editor,org.eclipse.jdt.ui,3.7.0.v20110531-1200,"org.eclipse.jdt.ui.CompilationUnitEditor",1333395895339
closed,editor,org.eclipse.jdt.ui,3.7.0.v20110531-1200,"org.eclipse.jdt.ui.CompilationUnitEditor",1333395895339
executed,command,org.eclipse.ui,3.7.0.I20110602-0100,"org.eclipse.ui.file.close",1333395895358
activated,view,org.eclipse.jdt.ui,3.7.0.v20110531-1200,"org.eclipse.jdt.ui.PackageExplorer",1333395899658
activated,editor,org.eclipse.jdt.ui,3.7.0.v20110531-1200,"org.eclipse.jdt.ui.CompilationUnitEditor",1333395901963
executed,command,org.eclipse.ui,3.7.0.I20110602-0100,"org.eclipse.ui.edit.copy",1333395904330
executed,command,org.eclipse.ui,3.7.0.I20110602-0100,"org.eclipse.ui.edit.paste",1333395909343
activated,editor,org.eclipse.jdt.ui,3.7.0.v20110531-1200,"org.eclipse.jdt.ui.CompilationUnitEditor",1333395917506
executed,command,,,"AUTOGEN:::org.eclipse.jdt.internal.ui.CompilationUnitEditor.ruler.actions/org.eclipse.jdt.internal.ui.javaeditor.JavaSelectRulerAction",1333395967422
deactivated,workbench,org.eclipse.ui.workbench,3.7.0.I20110519-0100,"",1333395968272
activated,workbench,org.eclipse.ui.workbench,3.7.0.I20110519-0100,"",1333395968562
executed,command,,,"AUTOGEN:::org.eclipse.jdt.internal.ui.CompilationUnitEditor.ruler.actions/org.eclipse.jdt.internal.ui.javaeditor.JavaSelectRulerAction",1333395970042
deactivated,workbench,org.eclipse.ui.workbench,3.7.0.I20110519-0100,"",1333395970904
activated,workbench,org.eclipse.ui.workbench,3.7.0.I20110519-0100,"",1333395971197
executed,command,org.eclipse.jdt.ui,3.7.0.v20110531-1200,"org.eclipse.jdt.ui.edit.text.java.format",1333395975712
executed,command,org.eclipse.ui,3.7.0.I20110602-0100,"org.eclipse.ui.edit.delete",1333395977443
executed,command,org.eclipse.ui,3.7.0.I20110602-0100,"org.eclipse.ui.edit.text.contentAssist.proposals",1333395981209
executed,command,org.eclipse.jdt.ui,3.7.0.v20110531-1200,"org.eclipse.jdt.ui.edit.text.java.format",1333395982129
executed,command,org.eclipse.jdt.ui,3.7.0.v20110531-1200,"org.eclipse.jdt.ui.edit.text.java.format",1333395983484
executed,command,org.eclipse.ui,3.7.0.I20110602-0100,"org.eclipse.ui.file.save",1333395984907
executed,command,org.eclipse.jdt.ui,3.7.0.v20110531-1200,"org.eclipse.jdt.ui.edit.text.java.format",1333395987635
executed,command,org.eclipse.ui,3.7.0.I20110602-0100,"org.eclipse.ui.file.save",1333395988113
executed,command,org.eclipse.jdt.ui,3.7.0.v20110531-1200,"org.eclipse.jdt.ui.edit.text.java.organize.imports",1333395989505
executed,command,org.eclipse.ui,3.7.0.I20110602-0100,"org.eclipse.ui.file.save",1333395989886
activated,editor,org.eclipse.jdt.ui,3.7.0.v20110531-1200,"org.eclipse.jdt.ui.CompilationUnitEditor",1333395992768
closed,editor,org.eclipse.jdt.ui,3.7.0.v20110531-1200,"org.eclipse.jdt.ui.CompilationUnitEditor",1333395992768
executed,command,org.eclipse.ui,3.7.0.I20110602-0100,"org.eclipse.ui.file.close",1333395992788
executed,command,org.eclipse.ui,3.7.0.I20110602-0100,"org.eclipse.ui.edit.text.contentAssist.proposals",1333396013226
executed,command,org.eclipse.jdt.ui,3.7.0.v20110531-1200,"org.eclipse.jdt.ui.edit.text.java.organize.imports",1333396024142
executed,command,org.eclipse.ui,3.7.0.I20110602-0100,"org.eclipse.ui.edit.cut",1333396039829
executed,command,org.eclipse.ui,3.7.0.I20110602-0100,"org.eclipse.ui.edit.paste",1333396041203
executed,command,org.eclipse.ui,3.7.0.I20110602-0100,"org.eclipse.ui.edit.cut",1333396052341
executed,command,org.eclipse.ui,3.7.0.I20110602-0100,"org.eclipse.ui.edit.paste",1333396055248
executed,command,org.eclipse.ui,3.7.0.I20110602-0100,"org.eclipse.ui.file.save",1333396069640
executed,command,org.eclipse.ui,3.7.0.I20110602-0100,"org.eclipse.ui.edit.copy",1333396071782
opened,editor,org.eclipse.jdt.ui,3.7.0.v20110531-1200,"org.eclipse.jdt.ui.CompilationUnitEditor",1333396072296
activated,editor,org.eclipse.jdt.ui,3.7.0.v20110531-1200,"org.eclipse.jdt.ui.CompilationUnitEditor",1333396072352
executed,command,org.eclipse.ui,3.7.0.I20110602-0100,"org.eclipse.ui.edit.paste",1333396073756
executed,command,org.eclipse.jdt.ui,3.7.0.v20110531-1200,"org.eclipse.jdt.ui.edit.text.java.format",1333396082374
executed,command,org.eclipse.ui,3.7.0.I20110602-0100,"org.eclipse.ui.file.save",1333396083210
executed,command,org.eclipse.ui,3.7.0.I20110602-0100,"org.eclipse.ui.edit.copy",1333396084574
executed,command,org.eclipse.ui,3.7.0.I20110602-0100,"org.eclipse.ui.edit.paste",1333396085589
executed,command,org.eclipse.ui,3.7.0.I20110602-0100,"org.eclipse.ui.edit.undo",1333396098882
executed,command,org.eclipse.ui,3.7.0.I20110602-0100,"org.eclipse.ui.edit.undo",1333396099307
executed,command,org.eclipse.ui,3.7.0.I20110602-0100,"org.eclipse.ui.edit.undo",1333396099651
executed,command,org.eclipse.ui,3.7.0.I20110602-0100,"org.eclipse.ui.file.save",1333396100536
executed,command,org.eclipse.jdt.ui,3.7.0.v20110531-1200,"org.eclipse.jdt.ui.edit.text.java.organize.imports",1333396101604
executed,command,org.eclipse.ui,3.7.0.I20110602-0100,"org.eclipse.ui.file.save",1333396103906
activated,editor,org.eclipse.jdt.ui,3.7.0.v20110531-1200,"org.eclipse.jdt.ui.CompilationUnitEditor",1333396104425
closed,editor,org.eclipse.jdt.ui,3.7.0.v20110531-1200,"org.eclipse.jdt.ui.CompilationUnitEditor",1333396104425
executed,command,org.eclipse.ui,3.7.0.I20110602-0100,"org.eclipse.ui.file.close",1333396104455
executed,command,,,"AUTOGEN:::org.eclipse.jdt.internal.ui.CompilationUnitEditor.ruler.actions/org.eclipse.jdt.internal.ui.javaeditor.JavaSelectRulerAction",1333396107713
deactivated,workbench,org.eclipse.ui.workbench,3.7.0.I20110519-0100,"",1333396108380
activated,workbench,org.eclipse.ui.workbench,3.7.0.I20110519-0100,"",1333396108647
opened,editor,org.eclipse.jdt.ui,3.7.0.v20110531-1200,"org.eclipse.jdt.ui.CompilationUnitEditor",1333396108728
activated,editor,org.eclipse.jdt.ui,3.7.0.v20110531-1200,"org.eclipse.jdt.ui.CompilationUnitEditor",1333396108793
executed,command,org.eclipse.ui,3.7.0.I20110602-0100,"org.eclipse.ui.edit.text.contentAssist.proposals",1333396117649
executed,command,org.eclipse.ui,3.7.0.I20110602-0100,"org.eclipse.ui.edit.copy",1333396125741
executed,command,org.eclipse.ui,3.7.0.I20110602-0100,"org.eclipse.ui.edit.paste",1333396126260
executed,command,org.eclipse.ui,3.7.0.I20110602-0100,"org.eclipse.ui.edit.copy",1333396126723
executed,command,org.eclipse.ui,3.7.0.I20110602-0100,"org.eclipse.ui.edit.paste",1333396127951
executed,command,org.eclipse.ui,3.7.0.I20110602-0100,"org.eclipse.ui.file.save",1333396129334
executed,command,org.eclipse.jdt.ui,3.7.0.v20110531-1200,"org.eclipse.jdt.ui.edit.text.java.organize.imports",1333396132804
executed,command,org.eclipse.ui,3.7.0.I20110602-0100,"org.eclipse.ui.edit.copy",1333396135235
deactivated,workbench,org.eclipse.ui.workbench,3.7.0.I20110519-0100,"",1333396135756
executed,command,org.eclipse.ui,3.7.0.I20110602-0100,"org.eclipse.ui.edit.paste",1333396136031
activated,workbench,org.eclipse.ui.workbench,3.7.0.I20110519-0100,"",1333396136257
opened,editor,org.eclipse.jdt.ui,3.7.0.v20110531-1200,"org.eclipse.jdt.ui.CompilationUnitEditor",1333396136437
activated,editor,org.eclipse.jdt.ui,3.7.0.v20110531-1200,"org.eclipse.jdt.ui.CompilationUnitEditor",1333396136500
executed,command,org.eclipse.jdt.ui,3.7.0.v20110531-1200,"org.eclipse.jdt.ui.navigate.open.type",1333396136567
activated,editor,org.eclipse.jdt.ui,3.7.0.v20110531-1200,"org.eclipse.jdt.ui.CompilationUnitEditor",1333396137999
closed,editor,org.eclipse.jdt.ui,3.7.0.v20110531-1200,"org.eclipse.jdt.ui.CompilationUnitEditor",1333396137999
executed,command,org.eclipse.ui,3.7.0.I20110602-0100,"org.eclipse.ui.file.close",1333396138014
activated,editor,org.eclipse.jdt.ui,3.7.0.v20110531-1200,"org.eclipse.jdt.ui.CompilationUnitEditor",1333396140037
closed,editor,org.eclipse.jdt.ui,3.7.0.v20110531-1200,"org.eclipse.jdt.ui.CompilationUnitEditor",1333396140037
executed,command,org.eclipse.ui,3.7.0.I20110602-0100,"org.eclipse.ui.file.close",1333396140064
executed,command,org.eclipse.jdt.ui,3.7.0.v20110531-1200,"org.eclipse.jdt.ui.edit.text.java.organize.imports",1333396145314
executed,command,org.eclipse.jdt.ui,3.7.0.v20110531-1200,"org.eclipse.jdt.ui.edit.text.java.format",1333396145637
executed,command,org.eclipse.jdt.ui,3.7.0.v20110531-1200,"org.eclipse.jdt.ui.edit.text.java.rename.element",1333396147362
deactivated,workbench,org.eclipse.ui.workbench,3.7.0.I20110519-0100,"",1333396149449
activated,workbench,org.eclipse.ui.workbench,3.7.0.I20110519-0100,"",1333396150506
deactivated,workbench,org.eclipse.ui.workbench,3.7.0.I20110519-0100,"",1333396152528
activated,workbench,org.eclipse.ui.workbench,3.7.0.I20110519-0100,"",1333396157473
activated,view,org.eclipse.jdt.ui,3.7.0.v20110531-1200,"org.eclipse.jdt.ui.PackageExplorer",1333396158410
executed,command,org.eclipse.ui,3.7.0.I20110602-0100,"org.eclipse.ui.file.refresh",1333396159433
